,Comp1,Comp2,Comp3,Comp4,Comp5,Comp6,Comp7,Comp8,Comp9,Comp10,Comp11,Comp12
ALB,0.4132338477035335,0.03632717269770084,0.004646095900544071,0.021395214140240537,0.19378333587501517,0.1503400482883648,0.010590700023398666,0.10135904458308688,0.06042191580540739,0.0014888725103560235,0.005793805116211281,0.0006199473561408215
AUT,0.08668189663265359,0.2479393677674373,0.00012190721870449348,0.0013377393766465556,0.13451060975854182,0.04128193038783461,0.19778107965253217,0.014288841720243414,0.10373907440084176,0.14422087856567592,0.027514761385144946,0.0005819131337433964
BLR,0.1311092872178285,0.44646623887386927,0.05534719479110501,0.26294125745013563,0.051964915966947134,0.029652393128563066,0.004482327633313212,0.012563275615561854,0.00028712804871877667,0.0049413339645556255,0.00010131404646365038,0.00014333326293866289
BEL,0.027842795354843224,0.8834471536196884,0.0003152494281394174,0.022875284752027426,0.02133350186194974,0.0427266911663387,1.7278662641365267e-05,0.001112211726860678,6.619411572415529e-05,2.8009348896730387e-05,7.381274873244555e-05,0.000161817214157582
BIH,0.004350120570488971,0.40156275256049,0.3966757462838329,0.0029285818267716607,0.02437678638012549,0.10744626190654524,0.0012053917687408853,0.01660774519147613,0.03889543272465668,0.003359795651039452,0.002588643792506461,2.741343325935829e-06
BGR,0.6589564904446932,0.0716093634813013,0.07002751151129367,0.004199390044754645,0.010771640961806809,0.0902904898143037,0.003507874929427192,0.004107016184877477,0.022224700467296427,0.017740050493724818,0.0463267616392406,0.00023871002728032077
HRV,0.004284964977740881,0.5043920756009987,0.33005312374791557,0.03760206741745495,0.004452624246375845,0.014365252794144431,0.00580477550198396,0.038328545888470775,0.053679859105905926,0.0006778895173982987,0.006257931733781827,0.00010088946782888302
CZE,0.11558023106907206,0.01067823947309062,0.195522353116762,0.017885158899025415,0.4644314675796323,0.0035420312567679196,0.15767537114219413,0.014037219453926948,0.0025942152023851004,0.004808883803002604,0.012839370576417295,0.0004054584277236777
CYP,0.8660312004424493,1.5287553020121878e-05,0.05726693383069919,0.04393774326000179,0.0070785798647708545,0.007202739509425683,0.0010934590529932712,0.001272064174314409,0.0024013425254347815,0.0033923980787854534,0.010290390788107858,1.786091999747039e-05
DNK,0.44772498363218366,0.2862017841768241,0.04700348518152872,0.08051641113548041,0.011124656254321456,0.08312242448879503,0.03131636434399924,4.094563186620618e-05,0.011174039791882948,0.0007129436705894345,0.0007993011979954443,0.00026266049453320893
GBR,0.21329274686247762,0.5875239120631173,0.0006697145451976834,0.03709236849461028,0.06112623884204371,0.049757185614173444,0.019500299297016657,0.013251118996492173,2.2036899781573577e-05,0.0019330151870028923,0.015478489320795296,0.00035287387729148086
EST,0.13254866333676932,0.18107516428155357,0.39782462218119546,0.09967125521130424,0.00028966431325462224,0.03433317247618028,0.00016347260221006421,0.04507365358338885,0.021322662765037453,0.07830757747719502,0.009345761152272846,4.433061963850018e-05
FIN,0.30065502667792415,0.04190244754072199,0.26045768851947176,0.13003155906803934,0.18677211473562955,0.02899602017992996,0.003329029741994826,0.03832049466136178,0.005567247883196995,0.003561627914148486,0.00040572884056401846,1.0142370170884742e-06
FRA,0.02383993506375457,0.81028662134187,7.2625818693739734e-06,0.02337704247817833,0.019693866656757597,0.0480429602487882,0.02137226348559622,0.008766919585611785,0.0004757987876411619,0.03277205271091233,0.01133748147839658,2.77955806239046e-05
DEU,0.12647126086789423,0.7383539811615067,3.336365527691191e-05,0.0058979190116152085,0.02346003779507072,0.0102578313467491,0.051312527205767844,0.010194640147307763,0.03114824928581055,0.0006280748623414855,0.0018688386682419445,0.00037327599241765945
GRC,0.8279827454477479,3.6067852500255324e-05,0.05089476947553618,0.01784579295357302,0.0018147135938409338,0.013457606874807437,0.0008982628056514413,0.05106817492867647,0.01517144601271035,0.02064879661997005,6.446796127915419e-06,0.00017517663885815337
HUN,0.018587362436676847,0.059282338164901194,0.007732819914426952,0.3372336839313721,0.027377271497773775,0.15712597798489103,0.10367349201166774,0.23335349996691443,0.005148317747401922,0.04562848219117066,0.004378693745637492,0.00047806040716601514
ISL,0.694804461876525,0.14094915109947304,0.008667810810461925,0.015977271090059253,0.00716819942714708,0.002719831627873009,0.11278219007195951,0.013291928433443519,7.090274614529998e-05,0.0030647405950376435,0.0003193038877950855,0.00018420833407970606
IRL,0.1312093696227517,0.48286932330763815,0.004441864160579653,0.19782493269179183,0.10526999375041693,0.05118634665154927,0.004303302058690348,0.0031323799045064513,0.007771381441511505,0.0005029300838771958,0.011441429959267488,4.6746367419550665e-05
ITA,0.641030703577256,0.21436274840348213,0.05307624408382966,7.288845917680781e-06,0.0032701834847923264,0.005326486390632769,0.04761523805906756,0.005867682012815719,0.010234828525891216,0.010425310493898122,0.008586413125648904,0.00019687299676782568
LVA,0.38545021122404066,0.23209240653596294,0.3007403478556151,0.00015151842274149362,0.002655851314544192,0.007611875016526929,0.03040750669454783,0.0001823476948177984,0.036017887549320546,0.00021580501073839196,0.004435596612184254,3.864606895994118e-05
LTU,0.34884324804914846,0.3111747604718358,0.2502249691713224,0.0005093968191954061,0.011950515978938694,0.003987812737758632,0.03817209191500192,0.007678329131554692,0.019224574301723793,0.001871489754876233,0.006329448304083956,3.336336456013708e-05
MKD,0.6452624184675673,0.1324213084730456,0.09061372832939633,0.00644485268189771,0.06496405963631782,0.047916421003658116,0.001956224784817057,0.007551990287880523,0.00020447919546431865,0.0024093665705445903,0.00023839727362246586,1.67532957883788e-05
MLT,0.6598381831223394,0.010052666380725191,0.03467032859844248,0.07274127459324543,0.03310851240731685,0.07138516396454694,0.058003278865366,0.044824427151109916,0.015044438543755033,0.00011617536660888408,0.00018429601635960966,3.1254990184158153e-05
MDA,0.05716044043612319,0.10917655215434366,0.0011892092656288012,0.24048618101113192,9.403948755750254e-06,0.04249682903039679,0.23357631662117526,0.09780066432554377,0.07421194955541892,0.13612948000207847,0.007190211918241656,0.0005727617311617838
MNE,0.03930572659378113,0.15027693775937084,0.5919227527835142,0.039090413210381605,0.09833963255159475,0.000873875777612526,0.020816910224973645,0.011986696365732758,0.041359161967382686,0.0013911609290181602,0.004602904179158326,3.382765747924471e-05
NLD,0.06008811165759022,0.790423735419864,0.004234724138141999,0.025454892693183195,0.003066242449308522,0.02346736568564092,0.002736944246076372,0.006731717801647957,0.01991734528370998,0.050913225471837874,0.008047975652532456,0.004917719500466692
NOR,0.6765260863214133,0.12733770958693005,0.01205711390576711,0.040917741569266884,0.029086452987534418,0.04118150502218582,0.06714393286734219,0.004461753819513809,0.0005615718194006818,1.910307074851011e-06,0.000574687283045432,0.00014953451052526895
POL,0.2997247362099822,0.18705479698500505,0.03398361882315388,0.14360562714894654,0.2644277794058201,0.013674580072138193,2.3537464406028936e-08,0.04776787309061569,0.009007955224763954,0.0007454254455689736,5.990414081582307e-06,1.5936424595113437e-06
PRT,0.4595666106579426,0.3823616609506425,0.015799682871356295,0.0006293694891504533,0.004522837506498545,0.06192242723727027,0.01809979961510555,4.300158075841506e-06,0.02148269508177498,0.00023122999686813486,0.035340515174690716,3.887126062429436e-05
ROU,0.3527059493712317,0.09202934987107957,0.22095115293679868,0.057059554593015975,0.009265240966542607,0.11969817896561988,0.03719237979867779,0.038433691945753364,0.0157304744377119,0.0042101435322507,0.05177441244247036,0.0009494711388477194
RUS,0.17843415637359528,0.5256328409215181,0.03172991169552406,0.0272829898725828,0.06704658995092184,0.11189159122435084,0.022641065401076594,0.01995402785723608,0.013419552165663682,0.001145743273364066,0.000821494301389201,3.696277754076342e-08
SRB,0.0298092905961226,0.41451097235103607,0.4387675602268714,0.027403267760414712,0.055526420314258626,0.009513968016585283,0.00039490170408666583,0.012641847163222955,0.008448974740314967,0.00011480327237912624,0.0028328415789867973,3.515227572046438e-05
SVK,0.0645159786459434,0.32156728647411115,0.0002748553297286216,0.26348998721756495,0.23574871429974323,0.005196571753632431,0.0195428077681522,0.022922000164686963,0.007415965108838067,0.014919044219564897,0.043920013105541576,0.00048677591249263793
SVN,0.12927897940738503,0.2445994850520389,0.00797560862920066,0.38471735221523345,0.018907810351076464,0.0035180193029755585,0.03736835970783299,0.018835507633003554,0.14827206064126153,0.005152288791809921,0.0008733458303865913,0.0005011824377954175
ESP,0.126669224805402,0.19934954242221445,0.1280394955230792,0.08092133478802889,0.10081871893547815,0.2545289960028382,0.01764398569900115,0.05029059478254011,0.010242313218240238,0.022339901426339827,0.009155890728303955,1.6685338603569159e-09
SWE,0.4160064424327337,0.021413590145148192,0.1251947155500841,0.3751232328048909,0.016691924244080125,0.00044645497902424827,0.025671026232924752,0.0038521556050986707,0.005212714337213948,0.009574007969735232,0.0005115040162919714,0.00030223168277403645
CHE,0.027531644396153545,0.5996913786989441,0.13022690701180423,0.019138061826880687,0.019806292792138868,5.238422359083099e-07,0.13176607071185925,0.024632070661454286,0.014126404728761165,0.03001908745151486,0.0030593448418531678,2.213036400265285e-06
UKR,0.023254709792084192,0.6359265123554113,0.00606586402977106,0.01809041170280127,0.22522014848289576,0.02291007754024865,0.004754675026271649,0.011370923668111049,0.014713505604871328,0.03230411306724868,0.0034700774308184324,0.0019189812994666073
